3 0.25167371 0.47831574 0.01298379 0.01820092
10 0.47614643 0.49477706 0.02086517 0.03138550
7 0.34625963 0.50130354 0.00831502 0.01023011
11 0.15608554 0.47257976 0.01472002 0.01372114
3 0.15554476 0.48463806 0.00748318 0.01089491
11 0.25251230 0.46076611 0.00969017 0.01627403
10 0.30421207 0.35256283 0.20603979 0.20105382
10 0.57228551 0.48727531 0.00693818 0.00637969
10 0.57116683 0.48022492 0.00873010 0.00682682
4 0.77437727 0.32787269 0.06819269 0.14728462
0 0.30269840 0.86688306 0.03433892 0.20770121
10 0.79271257 0.62752253 0.14767285 0.22344494
